# ClockFreq Mode PreAmpGain BitDepth Sensitivity ReadNoise ReadTime Saturation BaseLevel
# (MHz)          (e / ADU)  (bits)   (e / ADU)   (e)       (μs)     (ADU)      (ADU)
10          EM   2.4        14       24.35       60.14     0.1      5907       403
10          EM   4.9        14       11.57       51.14     0.1      12431      390
5           EM   1.0        14       52.4        82.27     5        2745       355
5           EM   2.4        14       20.74       48.53     5        6935       338
5           EM   4.9        14       9.54        39.59     5        15077      315
3           EM   1.0        14       51.4        61.17     3        2798       368
3           EM   2.4        14       19.71       34.3      3        7297       365
3           EM   4.9        14       9.49        29.99     3        15156      347
1           EM   1.0        16       19.14       33.69     1        7515       401
1           EM   2.4        16       7.48        19.75     1        19229      398
1           EM   4.9        16       3.6         18.0      1        39955      386
3           CON  1.0        14       10.98       15.81     3        13100      371
3           CON  2.4        14       4.23        11.59     3        16384      363
3           CON  4.9        14       1.82        10.19     3        16384      357
1           CON  1.0        16       4.06        9.3       1        35428      406
1           CON  2.4        16       1.69        7.49      1        65536      399
1           CON  4.9        16       0.63        5.84      1        65536      395
